version https://git-lfs.github.com/spec/v1
oid sha256:464cf621cd4e197e2ae02e390b241b043b9e8ac50a17eb9461471cff9cc3ef27
size 14428
